18.392025,-29.593853,-26.914437,0.000000,12.264130,-29.698246,-29.997630,-0.294677,0.653437,-0.590552,124.284650,0.025464
15.739562,11.607997,-16.718528,0.000000,13.865912,-9.038292,-17.156161,-3.714653,-12.369121,1.053449,103.149735,0.044705
17.750224,10.278879,-20.219764,0.000000,-17.130333,-0.773075,-0.570053,-12.720569,-9.776538,8.187646,106.499312,0.059037
-12.515206,16.740724,-23.694317,0.000000,19.566208,2.896905,0.512324,7.433327,-28.649625,1.053368,103.149672,0.009249
-2.557870,-12.972005,18.114073,0.000000,19.586489,15.743525,-9.777437,-2.862449,0.666193,-21.853568,93.595176,0.101894
-12.409178,7.643329,-23.478853,0.000000,19.504001,-3.264814,0.512292,7.327328,-19.446193,1.053352,103.149548,0.009249
-2.522946,-12.659843,0.645530,0.000000,19.544742,3.784351,-9.655907,-18.232242,0.641869,-0.594142,123.136324,0.016676
19.882959,20.000000,-19.752575,0.000000,-18.398648,9.414793,-19.387346,-6.335343,19.549440,0.060476,124.104140,0.059224
7.878179,-16.980957,1.748348,0.000000,0.359678,4.624554,-12.055143,10.592417,-0.083224,-8.513571,110.834663,363.944675,0.012444
13.192030,16.754723,-24.298972,0.000000,-2.142806,-18.163801,-12.610368,-18.933146,-4.000822,2.284784,907.661880,106.274199,0.052097
18.727825,-12.232787,-29.969102,0.000000,14.389605,8.715466,-13.288496,9.505713,-0.211014,0.102851,401.132237,120.729808,0.015439
-15.999328,-3.966263,-16.109107,0.000000,1.898569,-7.285596,9.645412,18.457995,-11.880408,1.112792,0.310511,367.690804,0.012204
-1.751219,-19.196808,11.201845,0.000000,-0.005832,8.597315,-2.296459,11.046932,0.049938,7.689780,123.219933,368.612502,0.013499
14.090821,10.064558,-19.550685,0.000000,3.087292,13.729821,-4.916572,-2.639204,-11.901434,1.053593,324.582676,103.147022,0.044706
11.658675,-19.138647,-1.107864,0.000000,14.257663,-16.049884,19.890769,-29.350972,-0.135563,-29.010000,411.547410,92.843306,0.103351
12.819396,8.408320,-9.915788,0.000000,9.490658,-0.719723,-12.323832,-27.970277,5.777099,-5.716021,977.572414,124.124310,0.059226
